3.14159 2.71828 1.41421 1.73205 2.23607 2.44949 0.5 0.25 0.125 99.9 
1.23 45.67 89.01 23.45 67.89 0.0001 0.00001 1000.001 123.456 78.9
3.14159 2.71828 1.41421 1.73205 2.23607 2.44949 0.5 0.25 0.125 99.9
1.23 45.67 89.01 23.45 67.89 0.0001 0.00001 1000.001 123.456 78.9
0.0 -1.5 -2.25 -3.75 -10.5 -0.0001 -99.9 -123.456 -0.00001 -1000.001
3.14159 2.71828 1.41421 1.73205 2.23607 2.44949 0.5 0.25 0.125 99.9
1.23 45.67 89.01 23.45 67.89 0.0001 0.00001 1000.001 123.456 78.9
1.23456e2 2.34567e3 3.45678e4 4.56789e-1 5.67890e-2 6.78901e-3 7.89012e1
0.5e1 0.5e-1 0.5e-2 0.5e2 0.5e3 0.5e4 0.5e-3 0.5e-4 10.1e2 10.1e-2
3.14159 2.71828 1.41421 1.73205 2.23607 2.44949 0.5 0.25 0.125 99.9
1.23 45.67 89.01 23.45 67.89 0.0001 0.00001 1000.001 123.456 78.9
3.14159 2.71828 1.41421 1.73205 2.23607 2.44949 0.5 0.25 0.125 99.9
1.23 45.67 89.01 23.45 67.89 0.0001 0.00001 1000.001 123.456 78.9
3.14159 2.71828 1.41421 1.73205 2.23607 2.44949 0.5 0.25 0.125 99.9
1.23 45.67 89.01 23.45 67.89 0.0001 0.00001 1000.001 123.456 78.9
0.0 -1.5 -2.25 -3.75 -10.5 -0.0001 -99.9 -123.456 -0.00001 -1000.001
3.14159 2.71828 1.41421 1.73205 2.23607 2.44949 0.5 0.25 0.125 99.9
1.23 45.67 89.01 23.45 67.89 0.0001 0.00001 1000.001 123.456 78.9
1.23456e2 2.34567e3 3.45678e4 4.56789e-1 5.67890e-2 6.78901e-3 7.89012e1
0.5e1 0.5e-1 0.5e-2 0.5e2 0.5e3 0.5e4 0.5e-3 0.5e-4 10.1e2 10.1e-2
3.14159 2.71828 1.41421 1.73205 2.23607 2.44949 0.5 0.25 0.125 99.9
1.23 45.67 89.01 23.45 67.89 0.0001 0.00001 1000.001 123.456 78.9
3.14159 2.71828 1.41421 1.73205 2.23607 2.44949 0.5 0.25 0.125 99.9
1.23 45.67 89.01 23.45 67.89 0.0001 0.00001 1000.001 123.456 78.9
0.0 -1.5 -2.25 -3.75 -10.5 -0.0001 -99.9 -123.456 -0.00001 -1000.001
3.14159 2.71828 1.41421 1.73205 2.23607 2.44949 0.5 0.25 0.125 99.9
1.23 45.67 89.01 23.45 67.89 0.0001 0.00001 1000.001 123.456 78.9