42 7 13 -5 0 100 -25 1000 -500 250
1 2 3 4 5 6 7 8 9 10 11 12 13 14 15 16 17 18 19 20
99 98 97 96 95 94 93 92 91 90 89 88 87 86 85 84 83 82 81 80
-1 -2 -3 -4 -5 -6 -7 -8 -9 -10 -11 -12 -13 -14 -15 -16 -17 -18 -19 -20
42 7 13 -5 0 100 -25 1000 -500 250
1 2 3 4 5 6 7 8 9 10 11 12 13 14 15 16 17 18 19 20
99 98 97 96 95 94 93 92 91 90 89 88 87 86 85 84 83 82 81 80
-1 -2 -3 -4 -5 -6 -7 -8 -9 -10 -11 -12 -13 -14 -15 -16 -17 -18 -19 -20
1000000 500000 250000 125000 62500 31250 15625 7812 3906 1953
-1000000 -500000 -250000 -125000 -62500 -31250 -15625 -7812 -3906 -1953
0 0 0 0 0 0 0 0 0 0 0 0 0 0 0 0 0 0 0 0
42 7 13 -5 0 100 -25 1000 -500 250
1 2 3 4 5 6 7 8 9 10 11 12 13 14 15 16 17 18 19 20
99 98 97 96 95 94 93 92 91 90 89 88 87 86 85 84 83 82 81 80
-1 -2 -3 -4 -5 -6 -7 -8 -9 -10 -11 -12 -13 -14 -15 -16 -17 -18 -19 -20
42 7 13 -5 0 100 -25 1000 -500 250
1 2 3 4 5 6 7 8 9 10 11 12 13 14 15 16 17 18 19 20
99 98 97 96 95 94 93 92 91 90 89 88 87 86 85 84 83 82 81 80
-1 -2 -3 -4 -5 -6 -7 -8 -9 -10 -11 -12 -13 -14 -15 -16 -17 -18 -19 -20
2147483647 -2147483648 1073741823 -1073741824 536870911 -536870912 268435455 -268435456
42 7 13 -5 0 100 -25 1000 -500 250
1 2 3 4 5 6 7 8 9 10 11 12 13 14 15 16 17 18 19 20
99 98 97 96 95 94 93 92 91 90 89 88 87 86 85 84 83 82 81 80
-1 -2 -3 -4 -5 -6 -7 -8 -9 -10 -11 -12 -13 -14 -15 -16 -17 -18 -19 -20
1000000 500000 250000 125000 62500 31250 15625 7812 3906 1953
-1000000 -500000 -250000 -125000 -62500 -31250 -15625 -7812 -3906 -1953
0 0 0 0 0 0 0 0 0 0 0 0 0 0 0 0 0 0 0 0
42 7 13 -5 0 100 -25 1000 -500 250
1 2 3 4 5 6 7 8 9 10 11 12 13 14 15 16 17 18 19 20
99 98 97 96 95 94 93 92 91 90 89 88 87 86 85 84 83 82 81 80